Послідовність 1:
Оригінальна: 0000000000000000000000000000000000000000000000000000000000000000000001000000000000000000000100000000
Ентропія: 0.1414
RLE: 690112101180, КС: 8.33
LZW: [65536, 65537, 65538, 65539, 65540, 65541, 65542, 65543, 65544, 65545, 65537, 49, 65546, 65543, 65548, 65541], КС: 5.99

Послідовність 2:
Оригінальна: Кратінов00000000000000000000000000000000000000000000000000000000000000000000000000000000000000000000
Ентропія: 0.6422
RLE: 1К1р1а1т1і1н1о1в920, КС: 5.26
LZW: [1088, 1072, 1090, 1110, 1085, 1086, 1074, 48, 65544, 65545, 65546, 65547, 65548, 65549, 65550, 65551, 65552, 65553, 65554, 65555, 48], КС: 5.26

Послідовність 3:
Оригінальна: 00000000000000К000000000000000н00000000000000000т00000000о00000а000000000рв00і0000000000000000000000
Ентропія: 0.6422
RLE: 1401К1501н1701т801о501а901р1в201і220, КС: 2.78
LZW: [65536, 65537, 65538, 65538, 1050, 65539, 65542, 65538, 1085, 65543, 65546, 65536, 1090, 65546, 1086, 65539, 1072, 65547, 1088, 1074, 65536, 1110, 65547, 65559, 65537], КС: 4.18

Послідовність 4:
Оригінальна: Кратінов519Кратінов519Кратінов519Кратінов519Кратінов519Кратінов519Кратінов519Кратінов519Кратінов519
Ентропія: 3.4594
RLE: 1К1р1а1т1і1н1о1в1511191К1р1а1т1і1н1о1в1511191К1р1а1т1і1н1о1в1511191К1р1а1т1і1н1о1в1511191К1р1а1т1і1н1о1в1511191К1р1а1т1і1н1о1в1511191К1р1а1т1і1н1о1в1511191К1р1а1т1і1н1о1в1511191К1р1а1т1і1н1о1в151119, КС: 0.5
LZW: [1088, 1072, 1090, 1110, 1085, 1086, 1074, 53, 49, 57, 65536, 65538, 65540, 65542, 65544, 65546, 65537, 65539, 65541, 65543, 65545, 65547, 65554, 65550, 65557, 65553, 65549, 65556, 65552, 65548, 65555, 65551, 65558, 65563, 65568, 65562, 65567, 65561, 65566, 65560, 57], КС: 2.55

Послідовність 5:
Оригінальна: Кр519Кр519Кр519Кр519Кр519Кр519Кр519Кр519Кр519Кр519Кр519Кр519Кр519Кр519Кр519Кр519Кр519Кр519Кр519Кр519
Ентропія: 2.3219
RLE: 1К1р1511191К1р1511191К1р1511191К1р1511191К1р1511191К1р1511191К1р1511191К1р1511191К1р1511191К1р1511191К1р1511191К1р1511191К1р1511191К1р1511191К1р1511191К1р1511191К1р1511191К1р1511191К1р1511191К1р151119, КС: 0.5
LZW: [1088, 53, 49, 57, 65536, 65538, 65540, 65537, 65539, 65541, 65545, 65544, 65543, 65542, 65546, 65549, 65547, 65550, 65548, 65551, 65556, 65555, 65558, 65554, 65560, 65553, 65562, 65552, 57], КС: 3.52

Послідовність 6:
Оригінальна: КррКрКККККККрКрКрККККККрККрКрККррКррррКрККрррррКрррККрррККККрррКККрККК151595599919951191991151199159
Ентропія: 2.0395
RLE: 1К2р1К1р7К1р1К1р1К1р6К1р2К1р1К1р2К2р1К4р1К1р2К5р1К3р2К3р4К3р3К1р3К111511151925391129152119112921152129111519, КС: 0.93
LZW: [1088, 1088, 65536, 1050, 65540, 65541, 65539, 65538, 65538, 65542, 65539, 65543, 65540, 65537, 65536, 65537, 65544, 65549, 65552, 65544, 65550, 65551, 65545, 65554, 65559, 65559, 49, 53, 65563, 57, 53, 53, 57, 65569, 49, 65569, 65564, 65571, 65571, 57, 49, 65563, 65577, 65570, 65568], КС: 2.43

Послідовність 7:
Оригінальна: JXi0wHMIKbkWmNaBTNQUg5JUyYe6gpwzJ12ElX9Pdzc65wVYoq39ajIahjuSO6GTf7cTzqYodEjXQb7E8pxtGRU0juLxE5SXSWys
Ентропія: 5.5684
RLE: 1J1X1i101w1H1M1I1K1b1k1W1m1N1a1B1T1N1Q1U1g151J1U1y1Y1e161g1p1w1z1J11121E1l1X191P1d1z1c16151w1V1Y1o1q13191a1j1I1a1h1j1u1S1O161G1T1f171c1T1z1q1Y1o1d1E1j1X1Q1b171E181p1x1t1G1R1U101j1u1L1x1E151S1X1S1W1y1s, КС: 0.5
LZW: [88, 105, 48, 119, 72, 77, 73, 75, 98, 107, 87, 109, 78, 97, 66, 84, 78, 81, 85, 103, 53, 74, 85, 121, 89, 101, 54, 103, 112, 119, 122, 74, 49, 50, 69, 108, 88, 57, 80, 100, 122, 99, 54, 53, 119, 86, 89, 111, 113, 51, 57, 97, 106, 73, 97, 104, 106, 117, 83, 79, 54, 71, 84, 102, 55, 99, 84, 122, 113, 65583, 100, 69, 106, 88, 81, 98, 55, 69, 56, 112, 120, 116, 71, 82, 85, 48, 65593, 76, 120, 69, 53, 83, 88, 83, 87, 121, 115], КС: 2.32

Послідовність 8:
Оригінальна: 1111111111111111111111111111111111111111111111111111111111111111111111111111111111111111111111111111
Ентропія: -0.0000
RLE: 1001, КС: 25.0
LZW: [65536, 65537, 65538, 65539, 65540, 65541, 65542, 65543, 65544, 65545, 65546, 65547, 65543], КС: 7.05

